 21 21 102
 25 25 71
 27 17 151
 28 24 27
 36 28 187
 36 69 40
 37 107 48
 38 47 147
 39 52 201
 39 88 97
 43 94 131
 48 79 213
 48 143 63
 49 93 176
 52 177 70
 54 109 220
 64 143 126
 69 175 132
 71 214 87
 75 143 190
 80 143 235
 83 175 191
 86 216 134
 87 26 28
 87 44 193
 89 22 82
 90 90 44
 90 91 96
 92 31 152
 92 174 238
 93 112 222
 95 95 161
 97 75 209
 103 213 185
 111 143 56
 112 176 62
 115 203 232
 118 223 96
 120 164 143
 120 225 129
 121 158 111
 121 215 62
 122 224 153
 125 180 236
 126 149 231
 127 144 186
 128 176 190
 133 216 199
 134 223 179
 135 25 167
 136 23 28
 139 214 229
 146 76 202
 148 111 213
 149 95 158
 151 70 42
 152  6 79
 153 39 78
 153 107 46
 154 89 96
 161 58 184
 161 224 120
 162 221 146
 166 144 126
 166 216 228
 167 22 29
 167 22 154
 168 161 64
 168 175 127
 168 220 76
 169 218 187
 170 143 223
 171 160 181
 171 175 226
 199 80 193
 199 111 202
 203 51 177
 203 214 225
 205 18 30
 205 215 140
 208 220 116
 209 17 73
 209 109 151
 209 161 220
 209 215 183
 210 17 146
 211 78 152
 212 162 180
 213 71 91
 213 106 97
 213 174 126
 213 217 80
 214 44 37
 215 43 74
 215 144 129
 215 175 68
 218 46 137
 218 106 48
 218 145 59
 219 70 42